function multi_newton
fsolve(@fun, [-0.5; 0]) %  x = -0.585273798426043, y = -0.177819216756709
fsolve(@fun, [-0.18; 0.5]) % x = -0.186791609393409, y = 0.528317285266844
fsolve(@fun, [1.3; 0.36]) % x = 1.372065407036642, y = 0.239501927420728

function f=fun(x)
f = [x(2) + x(1).^2 - x(1) - 0.75; x(2) + 5 * x(1)* x(2) - x(1).^2]